    int matrix[SIZE][SIZE] = {
        {15, 93, 102, 214, 59, 158, 18, 91, 238, 102, 173, 44, 210, 111, 79, 63, 115, 182, 34, 210, 56, 129, 55, 50, 77, 42, 103, 197, 85, 181, 195, 74},
        {178, 69, 63, 143, 218, 109, 238, 222, 159, 48, 83, 17, 136, 11, 67, 216, 20, 151, 202, 212, 149, 171, 72, 83, 33, 49, 102, 9, 11, 190, 135, 92},
        {130, 248, 220, 118, 142, 249, 205, 111, 190, 21, 88, 130, 49, 42, 209, 151, 103, 87, 33, 40, 65, 211, 193, 7, 129, 151, 210, 19, 47, 123, 129, 35},
        {67, 158, 112, 235, 232, 150, 91, 41, 73, 148, 31, 24, 6, 124, 229, 180, 75, 147, 96, 26, 25, 55, 124, 60, 133, 214, 214, 186, 93, 180, 151, 167},
        {238, 82, 191, 249, 53, 186, 171, 100, 77, 230, 25, 4, 10, 23, 54, 42, 94, 158, 22, 135, 45, 137, 87, 54, 81, 243, 98, 40, 25, 199, 162, 48},
        {248, 85, 204, 184, 31, 184, 245, 58, 214, 129, 82, 58, 144, 178, 35, 163, 168, 106, 35, 114, 225, 60, 145, 232, 198, 220, 63, 89, 32, 243, 250, 7},
        {226, 89, 234, 128, 136, 5, 111, 174, 225, 233, 104, 72, 156, 199, 137, 206, 138, 111, 233, 73, 51, 97, 105, 132, 10, 57, 87, 50, 29, 227, 68, 104},
        {42, 28, 217, 117, 215, 156, 136, 214, 240, 26, 128, 71, 77, 206, 245, 40, 69, 56, 92, 160, 128, 17, 248, 50, 56, 179, 194, 110, 98, 167, 212, 221},
        {191, 110, 155, 134, 72, 65, 200, 98, 220, 123, 179, 63, 41, 204, 242, 82, 189, 90, 147, 188, 123, 127, 178, 60, 180, 169, 77, 139, 122, 125, 23, 28},
        {25, 158, 25, 241, 169, 150, 218, 131, 201, 195, 231, 173, 119, 31, 85, 104, 145, 33, 87, 49, 44, 157, 82, 181, 106, 220, 70, 82, 31, 159, 138, 77},
        {84, 125, 136, 79, 218, 115, 18, 11, 164, 50, 14, 212, 184, 104, 13, 116, 45, 144, 94, 58, 189, 138, 239, 4, 12, 132, 102, 155, 29, 121, 17, 51},
        {196, 115, 16, 151, 65, 83, 47, 179, 118, 221, 200, 162, 67, 122, 153, 174, 225, 65, 95, 116, 82, 196, 7, 55, 43, 12, 151, 187, 54, 8, 139, 102},
        {107, 9, 191, 22, 60, 45, 37, 150, 215, 113, 63, 232, 115, 142, 142, 13, 62, 72, 108, 135, 57, 110, 75, 168, 56, 96, 97, 137, 37, 4, 199, 100},
        {21, 133, 225, 229, 96, 91, 42, 23, 211, 177, 114, 55, 176, 90, 147, 109, 35, 151, 12, 148, 22, 127, 10, 73, 158, 85, 177, 82, 54, 33, 180, 32},
        {230, 59, 12, 8, 240, 92, 183, 9, 90, 46, 249, 200, 170, 4, 99, 62, 143, 6, 98, 60, 88, 202, 187, 112, 30, 142, 23, 111, 12, 69, 11, 129},
        {143, 227, 54, 107, 179, 5, 213, 9, 239, 67, 74, 135, 44, 175, 172, 109, 43, 124, 45, 161, 233, 249, 161, 249, 249, 87, 186, 240, 111, 151, 54, 231},
        {10, 40, 184, 132, 3, 59, 133, 238, 126, 61, 108, 174, 60, 127, 115, 79, 79, 125, 191, 127, 47, 43, 104, 121, 69, 140, 81, 96, 139, 50, 32, 111},
        {163, 52, 107, 54, 38, 73, 51, 27, 21, 160, 98, 100, 212, 40, 178, 238, 91, 121, 159, 214, 211, 176, 182, 239, 139, 66, 76, 167, 94, 19, 143, 204},
        {119, 15, 99, 151, 183, 119, 7, 168, 217, 234, 111, 74, 231, 70, 76, 79, 196, 115, 182, 17, 7, 68, 221, 180, 248, 21, 84, 127, 197, 189, 148, 39},
        {103, 147, 19, 248, 70, 206, 49, 163, 9, 57, 139, 90, 64, 55, 83, 179, 29, 150, 21, 48, 70, 54, 111, 246, 15, 52, 122, 142, 202, 214, 41, 97},
        {70, 103, 221, 61, 141, 145, 4, 159, 111, 4, 148, 169, 195, 242, 173, 13, 136, 97, 178, 107, 25, 187, 37, 101, 235, 246, 248, 234, 249, 160, 40, 13},
        {62, 154, 201, 144, 28, 173, 25, 170, 131, 54, 12, 216, 49, 121, 186, 211, 22, 200, 119, 127, 31, 39, 156, 77, 104, 153, 138, 18, 19, 42, 191, 169},
        {108, 70, 101, 124, 116, 22, 66, 207, 193, 146, 107, 244, 174, 189, 235, 47, 50, 10, 79, 114, 106, 99, 46, 129, 49, 140, 117, 186, 159, 147, 48, 22},
        {163, 103, 41, 39, 148, 136, 182, 230, 106, 163, 41, 59, 13, 103, 39, 178, 245, 57, 45, 138, 23, 118, 213, 163, 183, 53, 26, 154, 136, 96, 6, 197},
        {31, 171, 55, 40, 106, 112, 201, 66, 155, 8, 123, 194, 30, 26, 55, 161, 48, 75, 114, 220, 171, 67, 196, 181, 26, 206, 179, 240, 243, 227, 174, 16},
        {50, 33, 54, 77, 40, 170, 196, 70, 214, 4, 132, 105, 123, 77, 173, 51, 110, 141, 124, 111, 25, 58, 238, 20, 9, 191, 206, 38, 45, 226, 93, 10},
        {105, 7, 229, 13, 140, 214, 9, 239, 9, 207, 245, 138, 112, 126, 171, 74, 190, 171, 47, 132, 13, 115, 36, 151, 181, 131, 60, 183, 113, 182, 186, 121},
        {119, 15, 99, 151, 183, 119, 7, 168, 217, 234, 111, 74, 231, 70, 76, 79, 196, 115, 182, 17, 7, 68, 221, 180, 248, 21, 84, 127, 197, 189, 148, 39},
        {103, 147, 19, 248, 70, 206, 49, 163, 9, 57, 139, 90, 64, 55, 83, 179, 29, 150, 21, 48, 70, 54, 111, 246, 15, 52, 122, 142, 202, 214, 41, 97},
        {70, 103, 221, 61, 141, 145, 4, 159, 111, 4, 148, 169, 195, 242, 173, 13, 136, 97, 178, 107, 25, 187, 37, 101, 235, 246, 248, 234, 249, 160, 40, 13},
        {50, 33, 54, 77, 40, 170, 196, 70, 214, 4, 132, 105, 123, 77, 173, 51, 110, 141, 124, 111, 25, 58, 238, 20, 9, 191, 206, 38, 45, 226, 93, 10},
        {105, 7, 229, 13, 140, 214, 9, 239, 9, 207, 245, 138, 112, 126, 171, 74, 190, 171, 47, 132, 13, 115, 36, 151, 181, 131, 60, 183, 113, 182, 186, 121}
    };

    int B[SIZE][SIZE] = {
        {15, 93, 102, 214, 59, 158, 18, 91, 238, 102, 173, 44, 210, 111, 79, 63, 115, 182, 34, 210, 56, 129, 55, 50, 77, 42, 103, 197, 85, 181, 195, 74},
        {178, 69, 63, 143, 218, 109, 238, 222, 159, 48, 83, 17, 136, 11, 67, 216, 20, 151, 202, 212, 149, 171, 72, 83, 33, 49, 102, 9, 11, 190, 135, 92},
        {130, 248, 220, 118, 142, 249, 205, 111, 190, 21, 88, 130, 49, 42, 209, 151, 103, 87, 33, 40, 65, 211, 193, 7, 129, 151, 210, 19, 47, 123, 129, 35},
        {67, 158, 112, 235, 232, 150, 91, 41, 73, 148, 31, 24, 6, 124, 229, 180, 75, 147, 96, 26, 25, 55, 124, 60, 133, 214, 214, 186, 93, 180, 151, 167},
        {238, 82, 191, 249, 53, 186, 171, 100, 77, 230, 25, 4, 10, 23, 54, 42, 94, 158, 22, 135, 45, 137, 87, 54, 81, 243, 98, 40, 25, 199, 162, 48},
        {248, 85, 204, 184, 31, 184, 245, 58, 214, 129, 82, 58, 144, 178, 35, 163, 168, 106, 35, 114, 225, 60, 145, 232, 198, 220, 63, 89, 32, 243, 250, 7},
        {226, 89, 234, 128, 136, 5, 111, 174, 225, 233, 104, 72, 156, 199, 137, 206, 138, 111, 233, 73, 51, 97, 105, 132, 10, 57, 87, 50, 29, 227, 68, 104},
        {42, 28, 217, 117, 215, 156, 136, 214, 240, 26, 128, 71, 77, 206, 245, 40, 69, 56, 92, 160, 128, 17, 248, 50, 56, 179, 194, 110, 98, 167, 212, 221},
        {191, 110, 155, 134, 72, 65, 200, 98, 220, 123, 179, 63, 41, 204, 242, 82, 189, 90, 147, 188, 123, 127, 178, 60, 180, 169, 77, 139, 122, 125, 23, 28},
        {25, 158, 25, 241, 169, 150, 218, 131, 201, 195, 231, 173, 119, 31, 85, 104, 145, 33, 87, 49, 44, 157, 82, 181, 106, 220, 70, 82, 31, 159, 138, 77},
        {84, 125, 136, 79, 218, 115, 18, 11, 164, 50, 14, 212, 184, 104, 13, 116, 45, 144, 94, 58, 189, 138, 239, 4, 12, 132, 102, 155, 29, 121, 17, 51},
        {196, 115, 16, 151, 65, 83, 47, 179, 118, 221, 200, 162, 67, 122, 153, 174, 225, 65, 95, 116, 82, 196, 7, 55, 43, 12, 151, 187, 54, 8, 139, 102},
        {107, 9, 191, 22, 60, 45, 37, 150, 215, 113, 63, 232, 115, 142, 142, 13, 62, 72, 108, 135, 57, 110, 75, 168, 56, 96, 97, 137, 37, 4, 199, 100},
        {21, 133, 225, 229, 96, 91, 42, 23, 211, 177, 114, 55, 176, 90, 147, 109, 35, 151, 12, 148, 22, 127, 10, 73, 158, 85, 177, 82, 54, 33, 180, 32},
        {230, 59, 12, 8, 240, 92, 183, 9, 90, 46, 249, 200, 170, 4, 99, 62, 143, 6, 98, 60, 88, 202, 187, 112, 30, 142, 23, 111, 12, 69, 11, 129},
        {143, 227, 54, 107, 179, 5, 213, 9, 239, 67, 74, 135, 44, 175, 172, 109, 43, 124, 45, 161, 233, 249, 161, 249, 249, 87, 186, 240, 111, 151, 54, 231},
        {10, 40, 184, 132, 3, 59, 133, 238, 126, 61, 108, 174, 60, 127, 115, 79, 79, 125, 191, 127, 47, 43, 104, 121, 69, 140, 81, 96, 139, 50, 32, 111},
        {163, 52, 107, 54, 38, 73, 51, 27, 21, 160, 98, 100, 212, 40, 178, 238, 91, 121, 159, 214, 211, 176, 182, 239, 139, 66, 76, 167, 94, 19, 143, 204},
        {119, 15, 99, 151, 183, 119, 7, 168, 217, 234, 111, 74, 231, 70, 76, 79, 196, 115, 182, 17, 7, 68, 221, 180, 248, 21, 84, 127, 197, 189, 148, 39},
        {103, 147, 19, 248, 70, 206, 49, 163, 9, 57, 139, 90, 64, 55, 83, 179, 29, 150, 21, 48, 70, 54, 111, 246, 15, 52, 122, 142, 202, 214, 41, 97},
        {70, 103, 221, 61, 141, 145, 4, 159, 111, 4, 148, 169, 195, 242, 173, 13, 136, 97, 178, 107, 25, 187, 37, 101, 235, 246, 248, 234, 249, 160, 40, 13},
        {62, 154, 201, 144, 28, 173, 25, 170, 131, 54, 12, 216, 49, 121, 186, 211, 22, 200, 119, 127, 31, 39, 156, 77, 104, 153, 138, 18, 19, 42, 191, 169},
        {108, 70, 101, 124, 116, 22, 66, 207, 193, 146, 107, 244, 174, 189, 235, 47, 50, 10, 79, 114, 106, 99, 46, 129, 49, 140, 117, 186, 159, 147, 48, 22},
        {163, 103, 41, 39, 148, 136, 182, 230, 106, 163, 41, 59, 13, 103, 39, 178, 245, 57, 45, 138, 23, 118, 213, 163, 183, 53, 26, 154, 136, 96, 6, 197},
        {31, 171, 55, 40, 106, 112, 201, 66, 155, 8, 123, 194, 30, 26, 55, 161, 48, 75, 114, 220, 171, 67, 196, 181, 26, 206, 179, 240, 243, 227, 174, 16},
        {50, 33, 54, 77, 40, 170, 196, 70, 214, 4, 132, 105, 123, 77, 173, 51, 110, 141, 124, 111, 25, 58, 238, 20, 9, 191, 206, 38, 45, 226, 93, 10},
        {105, 7, 229, 13, 140, 214, 9, 239, 9, 207, 245, 138, 112, 126, 171, 74, 190, 171, 47, 132, 13, 115, 36, 151, 181, 131, 60, 183, 113, 182, 186, 121},
        {119, 15, 99, 151, 183, 119, 7, 168, 217, 234, 111, 74, 231, 70, 76, 79, 196, 115, 182, 17, 7, 68, 221, 180, 248, 21, 84, 127, 197, 189, 148, 39},
        {103, 147, 19, 248, 70, 206, 49, 163, 9, 57, 139, 90, 64, 55, 83, 179, 29, 150, 21, 48, 70, 54, 111, 246, 15, 52, 122, 142, 202, 214, 41, 97},
        {70, 103, 221, 61, 141, 145, 4, 159, 111, 4, 148, 169, 195, 242, 173, 13, 136, 97, 178, 107, 25, 187, 37, 101, 235, 246, 248, 234, 249, 160, 40, 13},
        {50, 33, 54, 77, 40, 170, 196, 70, 214, 4, 132, 105, 123, 77, 173, 51, 110, 141, 124, 111, 25, 58, 238, 20, 9, 191, 206, 38, 45, 226, 93, 10},
        {105, 7, 229, 13, 140, 214, 9, 239, 9, 207, 245, 138, 112, 126, 171, 74, 190, 171, 47, 132, 13, 115, 36, 151, 181, 131, 60, 183, 113, 182, 186, 121}
    };
